-24.345891829033903
-84.91610368924367
-25.665397226757655
-55.69928643237013
12.285969391130768
-96.2445922872752
-25.583996623459207
-70.83964547823714
15.560654168006765
-8.038093078564716
91.08026534373155
2.488519237575712
5.72735590179717
-86.30387497670566
-18.99403051007791
-17.076543780612937
3.8307320144261414
-81.63107687452452
3.5921039788399813
5.771717136307796
12.955715446630778
10.303942663952105
-36.533860522619904
63.17859513700386
-7.23835146299948
-34.996946849337846
-35.47440123985866
4.1903252482561175
46.50742800121844
-40.373376649024216
-3.5207792219992236
-4.0018544082264125
34.78101757638736
-30.825968570583427
-13.347290100653321
55.76325922356278
2.6160675081841642
-35.390158048662826
65.347792831686
-34.89375506489449
22.10634114058991
-113.37233946955476
-2.305461547216268
33.952920371152274
57.03923243222733
-30.35010532473612
-56.63130268437768
-66.04103189804303
7.369127649032958
-11.756587166742202
-33.89905655738746
118.91772918072319
-34.575177395549034
15.154640185509288
43.66009739656383
-38.4152669620695
39.032129273478006
2.3868424637099483
-81.70351272028165
-44.19660875774211
-0.8791908895493314
-29.769389488298337
-26.630816458452237
47.38957456668782
7.366802527243525
-24.884576168880677
45.58288715245151
-77.72000007362504
-55.9154763235263
-72.94909034100661
81.5448233341077
57.0939267185937
-29.518219323947044
-9.35715728692207
-43.14539101249173
82.4609659244949
-84.4704490194559
46.58258883301668
-25.666024327181425
-39.38706332612695
-130.41963459417934
4.917442686679365
-1.9989862945033536
-66.22978093749674
54.929118439740286
0.583348527611518
-41.22413891266282
-25.54361468151695
13.22827281306879
-43.02794272157494
-79.80852844962605
-81.83219835199411
21.297375751986074
9.491044980602984
16.46454801255608
11.127655813239285
55.48723266140927
-71.95674492769948
0.8477956637236215
37.91705271919576
-10.417092202924817
-59.6244489495307
-5.05489359102147
31.267261576268865
-60.26938274825502
46.280025031063786
51.291234515928764
-12.82480426545396
-60.87004509563528
-7.538721149103256
-18.92562987344847
-49.00073455915678
58.79504878246495
44.27398657808893
-14.718874322599182
-2.94765717499953
70.70327270498831
22.86745795051909
-7.475858110288085
-85.41410570078814
-12.934669339409318
-12.287546170835927
-60.60035268074556
-7.084950171957857
-4.387786265934154
-36.793671664378074
-42.21387184140498
-9.384962439879821
32.10431905217145
1.8007842104474907
-22.238926612296552
36.31880340325802
-14.705331105648412
-21.895229202869913
-46.14675977047426
-50.38903241060553
25.370944927295717
-101.02309401831815
-76.65643078590496
29.253379165738735
30.40161986918676
-11.618852556848223
-32.510345425554995
-101.91880826206996
30.458861925322914
-29.561028600739036
10.392053375981385
38.27390074868936
-87.77921591577584
45.21466614159006
14.266568088106082
24.998508086663804
24.58136126449864
-35.78531621653342
-89.44463344678196
23.88688807244911
-1.1962184050894216
-30.095210522022946
-73.16070006703949
38.8102173894578
-34.37512133791405
84.41290518522986
-6.632969639700702
-22.927594717665727
37.93583938761057
-2.3098006213440403
-17.70681708778141
-71.58164558421275
46.52339677509269
-35.27628046775036
11.898533423432768
27.50572753740584
-45.447420056398265
61.060877221743844
0.0695069478492556
-4.616437625517952
-49.76879746225581
-20.709363674974693
23.842447239955796
14.369878348554801
-21.982855650898053
-76.49191444340221
53.07191992454879
-81.57382790600988
28.4629602492978
40.79523897203676
-48.17986645043692
11.2861739932428
65.33889961285563
20.6359438476832
63.36778506329272
-20.4104050394923
39.9592062748257
53.5102144252765
-6.119267968451781
9.211656740594579
-56.75658265898847
1.1362627299905395
-23.84457900132957
-25.673846582649666
-70.94437224986049
-42.74405029806435
33.37110157661784
10.972556872531444
-44.7254457233212
-51.75721596004829
21.20848163234031
12.862081137065159
16.447184681619447
-46.729179139464556
32.30877183682315
74.5977479861313
-49.76865852666036
-3.3286177461800914
23.099102676160335
6.343254799494764
51.195056969803744
4.886121175962392
47.429922458617995
-23.065628410054167
12.4300704087494
-25.664194100258378
36.01941583186246
-60.94647209864426
63.88491264307111
-32.958779803576434
28.45394793918434
-80.30860281323972
35.07107765605754
-88.75260354416544
-20.15928905990502
-100.24416207938104
35.50644094298906
-78.23073047286009
-59.34161810766945
23.162263803386146
-55.28919122818778
-44.99659941551014
3.520386909378864
23.55082497114438
-39.593394568632846
-8.676113282306469
68.80002339833983
-45.547682308233625
62.091376323166834
-74.43214579241875
11.228553100601202
-17.60290595173734
11.689222223650495
6.994149216130845
-57.32101490587231
-48.34627523018758
5.515895179947199
-18.384546435006826
16.644828360271127
21.85993260098504
-75.56086255994369
-32.45417265323624
54.99718432365038
31.618006811068646
6.9361828898447335
-43.106525356818366
-58.203788660944845
51.662252155808545
11.605292564921319
4.859193585057813
-106.14507930672762
-115.92766157921488
54.34647402896704
6.333471846808161
41.53172166517848
15.826525280156504
6.334567800599661
-132.2177803434707
-81.45636284218432
16.75834696656311
50.667359879729446
16.77698541757568
-49.06662747862775
44.05518556877083
57.17144559680147
-21.582437012894808
-41.62388003638963
-39.87269953401561
-105.63939700265172
80.70902298209985
-31.669336372276902
-70.60019861906359
3.478417322595094
-46.80792057628711
-97.13108689745172
-23.75245053668099
-13.122396252829176
14.799679839705087
53.103202490441845
-9.666966171698032
-21.260492828021846
148.9808747536728
-34.01640774748072
-10.768915189064462
2.204227805038858
1.3920284975869706
-49.897286900155486
-39.75813414601066
-124.07472375785969
-53.278064742921586
-18.61668746612246
-78.77388057773112
-76.4581023383291
-47.69440988013854
-82.03265415075882
-18.995298682430516
15.475805534728453
-51.03115853573412
74.19992639789635
-56.44649967688164
-50.812248257879624
-93.78304652619691
30.583589524382127
-18.773181736256916
5.5258018390165375
-24.449770701119597
-61.0262158247489
66.59211244765982
8.244405968542479
-87.09726438285907
-28.41253685610689
-94.76508221521452
56.54009005193671
-37.76198909998575
-1.3665702191709332
-100.28709178938927
61.18680176769168
-55.04110913899823
-17.58528061157606
-15.003588734149412
-46.078896825749034
-27.002152885285568
7.375798122030188
32.97922308703876
31.891717186588068
49.93397281281912
-110.34887006182872
-36.20185842298412
-58.508668344110575
-42.807123208857156
-5.819631680904628
-53.020143775058656
16.85967498038098
37.30897301407095
-52.85213757834135
-62.66761574787213
38.44936217174847
93.01491347256467
45.433041614228856
-6.888746462703031
40.44445706152091
-85.0750838773453
-12.17148423795428
-56.79365577225286
2.880311762236964
27.42446131980892
-110.39915958178284
-4.611391855873889
-15.213794152582448
-25.752691158265044
74.98839799442005
-48.25392106333091
11.58319977985821
-59.18748763243728
-10.766922746869838
-88.23058096750955
-67.51142775227372
-104.78523494903985
-24.943077013365752
30.822242563789388
84.32705274277774
-34.506718271305466
66.18897022793385
-101.66158406414431
32.94536863648662
-20.033526691865763
1.4386499184493822
-92.20148246931831
-1.38472049208894
-1.5143712131382205
-77.04356975513542
3.9599879419869257
78.76131980167534
-25.937741887435998
31.671191878930813
-28.2988125301085
-70.83544022301545
42.79634576252243
5.62072009729679
-91.50566691079133
21.761356208528888
-58.93272488373367
21.536035978513134
-38.14462919774751
-73.38861709345333
-21.155751094751587
11.917374636446008
25.126704551278557
-103.0991807146955
-112.89374192531064
-25.92873362374204
36.132976146048634
-57.333216321078424
-45.35216722645231
-0.690683546878355
34.7235095819184
-5.0870840261034385
27.324710587471813
1.4960629960923733
-50.22862250556188
-6.606168559464684
-57.24163246450964
119.9077820723602
-64.58219381697906
40.77975804312877
11.220590560756017
-74.45212740013693
-41.90892754516889
-13.613649895753897
16.774569086427938
1.9446440751230423
-33.73639151536818
28.372748170635354
-50.202019227879354
-25.38633972732825
-14.721125549430582
14.884885718872317
39.09727246346662
-90.35716165049519
80.13144171786391
-57.618866764793495
19.301158779213964
-14.142880712283834
68.2392079497653
-9.1796877135073
-6.110137273014902
35.55712951580029
37.45820782792674
-22.860462467060827
-33.57008285310998
32.08257416526212
4.41146227804477
-69.28037719413457
-69.35167495464749
-63.396503653745654
43.63197704669007
-10.086547816667839
-7.03062891447842
92.19642111029718
-46.02729994938607
-15.209556898191027
-60.51251274920253
45.38030485202283
8.698008446366705
76.21337567295281
10.962110731344781
-17.573506971773547
2.3475129298805637
-58.575246671867575
18.15482701605456
-54.8795079567528
68.40886509526851
-30.03333502069855
-61.369523995908956
-104.11433539547131
-32.66327543107931
24.289370021316564
-70.48962438237884
10.085789414501251
-15.559878006901027
82.4819229862303
-52.800125663156315
-69.78705102902035
50.55674879666982
4.860985695161965
-47.02281315566721
6.693904951687088
62.28491288998263
-20.341270385029794
44.67594701483806
-78.99015558990904
86.3915730567021
-13.66978247372685
29.375811132104268
-58.86770262196131
-12.411749449047715
-20.73886210533013
8.468415164412372
62.442675708287645
34.37847251918462
12.509078655797103
-30.472711619560748
-35.379560245927934
19.56780351448738
-62.53153399001672
64.9730676832107
20.504602843240953
46.15580503107093
-96.15655255363731
-23.73060651210195
-41.32609594410344
27.76680768246831
22.128965417016303
5.394701814930439
73.77366453617354
-46.25168971629656
-0.9404763473545295
-33.360399228535506
39.36263791437338
-49.527935763820985
12.215968978478719
-42.71647138721838
-9.913557202053841
34.56857026571807
10.400501770503597
-24.81209412403392
-54.561693807667304
-34.261705855830876
-41.74362455836619
-57.35029627546643
30.49295500098937
-45.886872115394574
-37.480185702218236
-51.63965438119484
-49.00249420482306
0.6051830040999508
53.797646045339135
-67.53893112666142
-1.127082294344567
2.7816643547504842
73.13496049999539
62.3139713711867
13.102825341667343
4.221418726650612
-21.356984310852695
7.580490683473844
21.923658367956925
-12.157334213044882
-7.405267147836761
-52.51305802397081
31.41674697904879
4.837645701898266
-57.844935307683535
16.849220331649057
-55.558796682058926
59.0720055579992
28.401051202686773
-18.832199123063205
-52.495578811341225
60.64936340518279
-24.181571585095128
26.97672106303513
25.43673919768041
-29.575693155927688
-46.97774952768141
-58.441707173650514
-13.491264996770099
21.244234259171307
54.64353771827141
36.05218772093177
47.44949323655277
-85.0144154412189
55.997211282050465
56.872468431108665
2.1751780911184415
-7.846955760710796
3.351373162317133
24.486880087626666
-68.12756380224765
16.171357531790832
21.32578902236628
-26.59881482451241
-95.54620730081346
4.410621691677978
-104.3428166945243
-72.04094880070683
15.663319400718484
31.461689443928307
-47.98271302667926
-10.664835783425133
-15.578045310770488
7.398564673147014
-51.137864267640595
16.938332368642726
-1.222009713997962
-69.46208972452133
-62.122494256299944
-39.96515663893061
53.40211749266651
-72.78759248011016
-41.794963403985
-14.97270389633983
22.243754525146244
-43.25669963929903
-62.60011755671545
51.044577402469486
20.893196582829106
-53.4783891089156
26.41265381771145
27.711863354407633
2.2279984464302807
7.966256161269632
57.20630236860101
-15.152841506254312
5.35943192517653
-44.55591179237507
78.75856094105576
-10.756164985933687
-41.77486497436719
-34.89832323985837
-37.00635405841863
43.28593784586096
-18.44176093288243
-9.66133952366906
-46.35132564032317
25.719674231583845
60.24257655178058
7.807184125707812
-4.783455065624895
-5.90683700440958
-56.24922267242194
21.73932000229702
56.792379017837355
-42.14016356851085
-4.746219014585767
-12.787093927673148
111.80100037808354
-99.99841979691446
-11.456548812779133
-26.658220622424274
18.28567822737093
-22.06685945115194
-7.773661035007272
-53.13786746009731
-34.949824837505524
-41.19101634715496
22.396766388641865
-7.81135676050747
-56.45586220774755
35.675024419784805
92.30075123222638
-21.366200164256536
10.1459540143396
54.771564955551746
-28.844718510555055
-7.263242438680734
-46.17409110743758
-121.22572707124954
-5.253550521456099
-18.14858528444914
-33.39010822240231
-73.91222814904725
136.10671024000015
-15.231322494253362
-30.384072139613885
13.872880299635812
-62.64950088224439
-17.788346583233455
22.56106521797892
100.24531391706418
-77.11324622428513
31.935312833281422
-20.22752828655713
-74.50487972456006
-14.635289573121405
3.1540688039603655
63.31744733164172
8.88288222007545
67.77406809205212
-28.788101161887
16.746969709382533
53.013973671761946
-98.97593208742461
-73.91599464384132
-111.15541446147262
-10.83798488220679
-62.963875827292895
38.33368659493291
-42.051974548884296
-2.4599398819150515
-27.86812457173845
11.674159740522816
-93.71010385140411
2.908009405967862
10.476685296078449
-82.32329758506607
-58.78465793253911
32.5974791200624
-22.785236351821307
-5.821768113950095
-43.7004361702161
-35.65678640935142
-23.568164065893598
55.56471063166404
-32.63397499589125
4.809884821693583
-82.02918103906953
35.59325247204929
118.27950139524492
42.99048817679055
-62.508585102431134
-41.74911550806158
-56.52580153399424
-17.781440212353058
-58.05211412100131
78.3316227609537
51.602454767871635
-5.780227509376354
36.51091240728274
-82.0480494330217
-34.04754377466067
-68.88992458893506
11.415553608913848
-40.85013233145888
3.5753169033039622
41.38094827228823
25.822330903711673
-2.3107246400302426
-45.04836998729356
9.193108105874595
-42.36123139907151
59.13104634562985
38.031547764972906
-0.5034966873062476
-5.989060747786738
50.48034974281167
28.417552443224594
-22.85421457076524
-39.66913670191892
5.2142456720110495
-30.184128408802827
-96.94674427851746
80.9029452728374
-25.57230296051587
40.45411208941506
75.0256603923688
-55.470508681527264
30.93812868883252
-45.24385492712036
70.92431093300453
7.304898358012149
-23.574967923021333
25.9310957688537
49.76097309325178
-2.117528724601782
43.9900636039393
-69.09263070532757
6.433183683043252
-34.49015462478063
-60.53175178811038
-44.195869080065464
-8.433358199757318
44.11374592418147
-11.560729993526
-25.914075706637036
-86.93746394455158
113.21017917909803
-45.0524692662298
31.64344360283144
-22.76869594609034
5.628747985555158
-65.27033187108329
29.210307688203358
-100.67199051217544
57.96943281899892
108.59894509178959
-1.3427137996204914
-3.348652917857274
-28.071668652897614
-117.63029806927817
74.44308592001892
-126.3566696925662
3.707315726458692
1.5299163367183635
-36.63512952046485
-27.748597786888773
-15.0603909855203
49.6603993500613
46.844872465735456
-87.64814127034755
63.465481710439484
20.688948748748047
35.31370820704543
-70.76730337010505
-35.483569092162874
-15.469153598034396
-44.446609259499496
29.91926499971241
59.89063769817725
3.359334758424458
70.05816508024361
-49.12324923459894
-50.89833341697978
46.37299997749036
68.14048955174924
-24.107538942486066
0.440424839978677
26.16228921820275
42.38746750542976
116.05913509582466
3.941212444867624
-14.831228082888217
-44.85364056317976
3.560088904886955
-107.44585471472683
18.447265594307225
63.681141553537564
27.308411723800937
-32.32448770792408
-109.14520939182306
-79.6142797425145
74.85670108033442
-50.43725974802177
-72.12525907420849
-81.76009058020163
-6.309647758485564
-68.03759692143191
-51.80697759509249
2.535659001247712
-56.90708845157791
-4.811040087312934
18.482580215603
-60.06205964785802
5.439481122449919
26.935042739901327
-19.176818070703447
-33.840891178459685
-77.04005558493051
-34.145838306053875
-41.10393141047135
6.085393532503991
30.918288654479063
30.73267315364808
1.3917438318734785
-55.51756181007315
-75.51650414100268
-93.12230842994319
45.994174795454185
31.429165068997285
55.641960169006026
-17.52419899225088
-128.19657913098789
-41.599225219486144
62.479495655635596
0.36378277896040245
-29.723237918046237
-18.435450884552623
-29.026427470627453
-44.46955025463359
9.808165864103087
-8.90549452119733
-145.62589875978196
-71.86642414932008
-43.76285026769001
40.18987221676774
-14.111133123277392
-30.65340586720349
-32.4784859340404
-52.69922718478069
32.14597458136692
-53.559058913238395
47.75365942079467
-7.432337716591809
-38.97283164181306
75.6185906416892
-36.987375391345395
59.45861013248915
-78.11911784126362
35.749875323209004
-121.89474424185663
-96.12697515768733
9.560392622321066
5.4306191106700705
3.64682730140073
6.38950989547352
-34.86639965592086
-9.86148927246661
-32.2032276881562
-74.90517083831186
-79.21620581250514
0.5097207611547159
-60.46743299799556
-25.866571374270777
10.772271728635586
-50.24857947647662
-3.1996674523205355
-63.67832070148369
-18.731830046799846
2.3627340681639595
-56.63386054736515
36.27752416521897
-178.9020641107387
65.7763791695021
-6.8076423504259305
-49.715225568872896
66.95911841962271
-19.469648442154842
-22.272604470735807
-18.015015332420198
-54.82971419774696
34.09248068643535
-49.20363077987362
1.4597859871189858
82.41503814407531
-5.557375419478843
24.0669461334476
16.318288692327748
5.048666540710592
41.624498159561135
-6.888798593433517
-12.785163044626785
-52.805215254468685
-29.209978800586505
22.620002470372228
-77.54781147032054
-45.54978731203479
-18.31403505911736
-34.8881986257238
-23.830541607834256
7.085694459659715
58.16488628865549
-28.39841379403869
15.174052700289986
6.358220073593017
71.20943730005575
-43.79802497646825
38.365350173582726
4.007236910072754
-36.74098702488201
21.56591410913491
4.631126089880929
-36.33927859454623
-52.55657334931335
-5.820799466095196
-56.130748697797
99.61357551589965
39.17311646011739
-24.74239117777423
-27.72201092105933
-64.8748651682312
33.382883036613904
-26.25963435093474
43.93086707604912
-12.683865817331665
-27.090966585880423
8.583517286589467
54.13955010587495
46.39225535478777
-51.54655726017013
1.700691743847969
-1.327521356830066
89.19566700721383
55.28469126224324
-20.927592602154032
-25.410625174795953
49.398516710862374
5.375161701534317
-44.801319225827626
-20.68361452530581
-49.89287344404831
-22.653058058747128
-45.148727177953546
-0.04005426855395111
13.345561263502463
1.8656476130285533
-21.256850378784264
-45.625012653629526
-74.13073741141878
-1.1393455294662687
3.5394663673960185
-57.54319424782715
40.47347417318211
-35.750283105207316
-68.96560361533302
43.75683621830579
-6.439956225030093
-42.00588609334173
102.95811227149406
14.418060803569647
-0.7449047026683271
-19.32430328249944
-33.63102157187991
-65.32239056276265
53.63944862269532
-30.749850412148177
-12.987433116649857
30.394757628261637
-2.519788180302828
12.534266081630301
2.7885847974125877
25.106724767648977
-29.4762637321734
1.79776299116112
-43.506532190565025